<?xml version="1.0"?>
<opencv_storage>
<camera-0-warp type_id="opencv-matrix">
  <rows>3</rows>
  <cols>3</cols>
  <dt>f</dt>
  <data>
    -2.338014 17.751938 1489.883057
    -1.409673 7.820812 1847.853027
    -0.000598 0.009594 1.0
  </data>
</camera-0-warp>
</opencv_storage>
