<?xml version="1.0"?>
<opencv_storage>
<camera-0-warp type_id="opencv-matrix">
  <rows>3</rows>
  <cols>3</cols>
  <dt>f</dt>
  <data>
    -2.517027 8.837743 4995.756536
    3.399174 9.221576 2734.428955
    0.001031 0.01544 1.0
  </data>
</camera-0-warp>
</opencv_storage>
