<?xml version="1.0"?>
<opencv_storage>
<camera-0-warp type_id="opencv-matrix">
  <rows>3</rows>
  <cols>3</cols>
  <dt>f</dt>
  <data>
    -1.741399 -4.953979 1726.716919
    1.494121 -5.535595 1131.367798
    0.001123 0.023258 1.
  </data>
</camera-0-warp>
</opencv_storage>
