<?xml version="1.0"?>
<opencv_storage>
<camera-0-warp type_id="opencv-matrix">
  <rows>3</rows>
  <cols>3</cols>
  <dt>f</dt>
  <data>
    -0.485467 1.654552 70.798973
    -0.324996 -1.418166 345.441620
    -0.000417 0.007741 1.
  </data>
</camera-0-warp>
</opencv_storage>
